1.752357229684473278e-04 2.977632083465655538e-05 1.484812499774115904e-05 7.715197764460547260e-06 5.553455527996934479e-06 3.771070104183409909e-06 2.793489563443803295e-06 1.774701751528989045e-06 1.597433597807324628e-06 1.232086377727623169e-06 8.779696006364645248e-07 1.875409706554935940e-07 2.355963145753722112e-07 3.492151753474186831e-07 -3.388822291403939245e-07 5.680584794116966126e-08 1.332212786920007731e-07 2.120810444742287919e-07 -3.499159142058504472e-07 -3.956315343150380847e-07 -1.279651136973394955e-07 -5.644558364993097191e-08 -1.438672102828263074e-07 -1.226518688832231211e-07 -3.293454995823522497e-07 -1.422948534136627056e-05 -1.650400663768065632e-05 -1.522281076517996755e-05 -1.231813485092395355e-05 -7.949482664892528443e-06 -7.862259364588690085e-06 -5.956815160428082211e-06 -4.339938559863317530e-06 -2.949970970293072198e-06 -2.100004118549020624e-06 -1.289828967453685102e-06 -1.918683495796066020e-06 -2.445776952014254064e-06 -2.614421112735621266e-06 -2.041302622671226842e-06 -9.434484801381135258e-07 -1.520941682035161528e-06 -1.239507629035603324e-06 -2.103558921741000967e-06 -1.629677723996306640e-06 -1.702711117002363441e-06 -1.400246771985078666e-06 -1.320774986948604925e-06 -1.694132942555786037e-06 -9.544259118922083849e-07
2.977632083465655538e-05 2.960181446410435109e-05 1.145530914664728158e-05 6.950808926718801467e-06 4.618650682947639247e-06 2.940152421051108189e-06 1.994276298807190111e-06 1.469872108791545450e-06 1.104365939198447294e-06 6.377499333058440344e-07 4.035127958231960826e-07 1.928967037214511457e-07 2.722286765431676707e-07 7.077641230855367819e-08 -4.048915281723233791e-08 -4.701269568056418990e-08 -1.035308178377094938e-08 -7.824484577242703013e-08 -2.158471439668078295e-07 -1.958224793626359097e-07 -9.397140956641286697e-08 -6.294928962557604378e-08 -7.003535289805552316e-08 -2.271425035096722841e-09 6.027730139357653010e-08 -8.274181973506752763e-06 -1.078131955318526612e-05 -5.801844235578203041e-06 -5.362091530014525197e-06 -5.414848033166490556e-06 -3.861746307738066570e-06 -3.216756199626027112e-06 -2.637413939614323137e-06 -1.735224093468201241e-06 -1.756574828703904075e-06 -1.653393824048563323e-06 -1.507672432782881141e-06 -1.329932951167325174e-06 -1.347806194380325901e-06 -1.295008830669655081e-06 -8.719298336765710369e-07 -1.015424194282740593e-06 -8.730507227261869926e-07 -7.075287249318096297e-07 -8.796436562829078212e-07 -4.760915345844356104e-07 -2.174784019824955209e-07 -1.749951247963788280e-07 -1.248544655835560237e-07 1.387078028443121419e-07
1.484812499774115904e-05 1.145530914664728158e-05 1.304737346848880970e-05 6.889098530739581943e-06 4.501417412994133625e-06 3.132263310163401292e-06 2.264659545234581746e-06 1.518976136959468973e-06 1.081082668158586094e-06 8.092175955523949721e-07 5.414240027398169449e-07 3.252562508248635982e-07 2.557731981643453826e-07 1.616041258767155485e-07 3.353988457703493255e-08 2.636132055168262008e-08 9.020669481977030189e-08 5.244838242694435993e-08 -3.190956460928413230e-08 -5.938164090030374896e-08 2.621525058706096686e-08 -2.768670254869533468e-10 -5.976869306244094826e-08 -1.452026954534692977e-08 5.234603363422727970e-08 -3.180817123099787750e-06 -4.650192359240782548e-06 -2.052863316499021188e-06 -3.060986173238924413e-06 -3.412403670405559913e-06 -2.662452667382955727e-06 -2.356857115116986486e-06 -2.129806466340496527e-06 -1.955122583865520711e-06 -1.422993782528737309e-06 -1.410721055780567897e-06 -1.520412290839391005e-06 -1.273770184759516903e-06 -1.095128429408758624e-06 -9.109205135340002897e-07 -6.199292502567412968e-07 -6.386743517455942351e-07 -4.276230237330861256e-07 -3.750193356692057937e-07 -5.240291537281578678e-07 -4.777267882904414290e-07 -4.002373458111847593e-07 -4.800242130385455206e-07 -2.007798132799636179e-07 -5.304707419755771182e-08
7.715197764460547260e-06 6.950808926718801467e-06 6.889098530739581943e-06 8.015810021102661465e-06 4.760617582544655988e-06 3.175447776571480638e-06 2.279268275946699652e-06 1.544885759197802873e-06 1.213690018735171999e-06 8.296011420852714195e-07 5.613461027897790014e-07 2.863342795113972614e-07 1.865020199789215631e-07 8.303340662656532263e-08 -1.551966131556719062e-08 6.815508628520666541e-09 1.715622430617701285e-08 -2.514400166829318334e-08 -6.130505057202808518e-08 -7.497281305324825211e-08 -2.928448014691649177e-08 -6.314619991359489631e-08 -7.778064332348899183e-08 -1.120073015757510963e-07 -1.271570084356682871e-08 -8.047028201609385478e-07 -2.164728123342599684e-06 -7.367273628413810335e-07 -1.588170553016105598e-06 -2.272923469302945765e-06 -1.999643494792185340e-06 -1.859334259304771988e-06 -1.943953841885366796e-06 -1.824976025652972254e-06 -1.742065370614864361e-06 -1.601608798531907879e-06 -1.518331709496570812e-06 -1.472699529273392150e-06 -1.024719414393961402e-06 -8.658310169694188297e-07 -7.344343944611852435e-07 -7.511157799135835382e-07 -6.710110905752346937e-07 -3.532124917859930607e-07 -3.750746608176019399e-07 -3.591469906197061092e-07 -3.163612265975917588e-07 -3.343164424876488876e-07 -2.341273807484914814e-07 -2.065429001274364575e-07
5.553455527996934479e-06 4.618650682947639247e-06 4.501417412994133625e-06 4.760617582544655988e-06 5.352412128076441063e-06 3.343985717708146486e-06 2.430957539882203791e-06 1.653421254808208492e-06 1.289190005555222404e-06 8.936177455807116041e-07 5.841624078780536834e-07 3.596975398890419611e-07 2.042870686098022493e-07 7.548173123782597104e-08 -3.234237011904805695e-08 8.557603789319316618e-10 2.732444132300258961e-08 -2.860579458049434883e-08 -4.718446360805778115e-08 -1.957405875647448011e-08 2.182260505153003293e-08 -5.067034784188416934e-08 -6.617991796304122084e-08 -8.765245193897991338e-08 -5.819438781687558734e-09 -2.680494587159829882e-07 -1.143410439416766253e-06 -1.684494684888386276e-07 -4.481112090051343948e-07 -8.070843148233193369e-07 -7.994181002302846845e-07 -1.251069729841662932e-06 -1.362423798105874466e-06 -1.468580787144588612e-06 -1.447970275796908720e-06 -1.381236320418473918e-06 -1.321157623669408722e-06 -1.352232129143853008e-06 -1.091216515025358165e-06 -1.071070487222124426e-06 -8.752548069163941153e-07 -6.761423429313058867e-07 -5.844870277229900841e-07 -3.385567735744131457e-07 -3.772337125190020899e-07 -3.029116061397370433e-07 -2.782896199721605520e-07 -2.896775970071630951e-07 -2.942684141974509682e-07 -2.251138970503902914e-07
3.771070104183409909e-06 2.940152421051108189e-06 3.132263310163401292e-06 3.175447776571480638e-06 3.343985717708146486e-06 3.845937463702163150e-06 2.527976602175275910e-06 1.759196909342403898e-06 1.320557656523365811e-06 8.994484007737600877e-07 5.871761287557997474e-07 4.078176226186205716e-07 2.474176036182726034e-07 1.325684607930984956e-07 3.168734219361226416e-08 4.096953305424043864e-08 1.598046551276279729e-08 -1.528571458216849107e-08 -3.363487947203745327e-08 -3.108818868319167584e-08 -2.049373651365904994e-08 -6.703282888292652446e-08 -8.182547604120693463e-08 -1.098536871160120693e-07 -4.944267373271941200e-08 5.064961329318504726e-07 -5.341294839333368263e-07 -2.272866239328334123e-07 -2.703145292675057707e-07 -1.921278514549692161e-07 -1.685847182744088765e-07 -6.405493840774617361e-07 -1.029507450538873652e-06 -1.148309410077482254e-06 -1.116190874333861357e-06 -1.136176054467930838e-06 -1.121217320378439600e-06 -1.111262937749634719e-06 -8.622079704590204791e-07 -9.595774656003979002e-07 -6.969510813544661966e-07 -5.353508424324253245e-07 -5.160700706162153878e-07 -3.899772376505548520e-07 -3.243961414043639971e-07 -3.127318859828832451e-07 -2.543736387163470221e-07 -2.893875337258249912e-07 -3.106471627212665749e-07 -2.509483615794006494e-07
2.793489563443803295e-06 1.994276298807190111e-06 2.264659545234581746e-06 2.279268275946699652e-06 2.430957539882203791e-06 2.527976602175275910e-06 3.047854760633741449e-06 1.966822434557163258e-06 1.438387738714344658e-06 1.010382481637625411e-06 7.122463038762306739e-07 4.583503406886692726e-07 2.576186410172527842e-07 1.168959751002068881e-07 9.972165262806605915e-09 -2.158674854003178053e-08 2.231214773893330840e-09 -3.970821321238279028e-08 -4.281869582461927081e-08 -2.797248434811902965e-08 -2.752401588106119589e-08 -6.410612686760945433e-08 -7.798685220714988914e-08 -1.171637100055413918e-07 -7.561284020530461880e-08 1.279706556823045679e-07 -1.408856683389459729e-07 -1.054817370527005140e-07 -5.208100339911399631e-08 7.343758745709869253e-08 6.429524544933355779e-08 -5.693285643340390717e-08 -4.635232565848653608e-07 -6.500005777994890928e-07 -7.954159850381821331e-07 -8.862490457028978123e-07 -9.040452505134001955e-07 -8.627793191814529516e-07 -7.660886707979280576e-07 -8.235483811355617893e-07 -6.924798634423415131e-07 -5.611739605493310485e-07 -5.068687087875048054e-07 -3.568101070857540336e-07 -2.667377666064465934e-07 -2.604520100469129910e-07 -2.125883335999097228e-07 -2.180846377025697746e-07 -2.131297016348337808e-07 -1.896041243926478482e-07
1.774701751528989045e-06 1.469872108791545450e-06 1.518976136959468973e-06 1.544885759197802873e-06 1.653421254808208492e-06 1.759196909342403898e-06 1.966822434557163258e-06 2.296282875804210527e-06 1.529023122715051144e-06 1.085162622263446880e-06 7.687516153106163854e-07 5.371282890066353716e-07 2.865797139127285385e-07 1.961929075345912082e-07 7.638073873025380194e-08 6.489631297526780071e-08 5.500491669479643850e-08 -1.650596077619438902e-09 2.469906030287918514e-09 -2.070135359018405754e-08 -3.540980779756771086e-08 -7.497793850078821713e-08 -8.650310162097292923e-08 -9.840671922435990539e-08 -8.519195797350923579e-08 -9.258804370499732632e-09 2.541748646760972723e-07 2.197669134765311149e-07 5.830571070664951788e-08 7.347495404753339099e-08 1.200067012517293753e-07 2.729657858465060910e-07 1.033427254579469660e-08 -1.068158808924377744e-07 -4.450723068542575575e-07 -6.540070138905439001e-07 -7.852244083369124785e-07 -8.422702885840742919e-07 -7.536900399284830567e-07 -7.533148465964108436e-07 -6.819430948385206143e-07 -5.435531335157717052e-07 -5.112068187129936174e-07 -4.083416475269364515e-07 -3.526640089723790168e-07 -3.823864807834196226e-07 -3.627580520609152495e-07 -3.397452453760850286e-07 -3.322620635529233660e-07 -3.280919927662329869e-07
1.597433597807324628e-06 1.104365939198447294e-06 1.081082668158586094e-06 1.213690018735171999e-06 1.289190005555222404e-06 1.320557656523365811e-06 1.438387738714344658e-06 1.529023122715051144e-06 1.778280937679113718e-06 1.152637447222757575e-06 8.693608966339339813e-07 5.960571891982026647e-07 3.612020808076629681e-07 2.509303053585084210e-07 1.207907522076418021e-07 1.002517215105127366e-07 4.870339067537544848e-08 1.092965705013508352e-08 1.431546450817944013e-08 -2.118446575764161200e-08 -2.551552224880775056e-08 -5.649372127831585894e-08 -7.786451288375838279e-08 -7.862878553510936839e-08 -6.017626823118115399e-08 1.009871584483275844e-07 4.328098213947707776e-07 3.508848219471756352e-07 5.840963151723088510e-08 8.849026771003182271e-08 3.624853725562225209e-08 1.473598177580585040e-07 1.833497088131963735e-07 2.007623969326958925e-07 -1.106118493314296254e-07 -4.084042535387036371e-07 -5.262197048867543932e-07 -7.231897788514918293e-07 -6.720919653777197970e-07 -6.988109266506293194e-07 -6.649819083404365198e-07 -5.832759953669173578e-07 -5.455528655622174056e-07 -4.279139966601028490e-07 -3.558911965778533311e-07 -3.620957469400402556e-07 -3.418113313386408331e-07 -2.978085640562715983e-07 -2.961824858288821005e-07 -2.848486876275757778e-07
1.232086377727623169e-06 6.377499333058440344e-07 8.092175955523949721e-07 8.296011420852714195e-07 8.936177455807116041e-07 8.994484007737600877e-07 1.010382481637625411e-06 1.085162622263446880e-06 1.152637447222757575e-06 1.335833718286865395e-06 9.192544393602564911e-07 6.603456955598978916e-07 4.153076090927975284e-07 3.065193730227372989e-07 1.905677501963746983e-07 1.566025213825452772e-07 7.439619445980667603e-08 3.079676883460815836e-08 -6.043183251087725562e-09 -2.203583023984966595e-08 -3.071820723238984909e-08 -3.745087152516262186e-08 -5.618974017037034625e-08 -5.954639800932018521e-08 -6.132635917718990372e-08 1.182509021493693274e-06 7.473744106133170333e-07 5.914341237992453304e-07 2.166411987239386165e-07 1.485151631880026278e-07 1.535381071917974017e-07 2.553477969534745145e-07 2.105999021017414502e-07 3.098634801914038440e-07 2.195281974736109604e-07 -3.929764673599115168e-09 -2.082351195894549857e-07 -4.162642285493541575e-07 -4.739142831938651012e-07 -4.977746558306024020e-07 -5.086263704381727211e-07 -4.435115645355818851e-07 -4.842754105350795193e-07 -3.995683344848221927e-07 -3.396248829423261598e-07 -3.069654862355747243e-07 -3.103893278418342917e-07 -2.994781553676764186e-07 -2.545369492691028952e-07 -2.855359247572672399e-07
8.779696006364645248e-07 4.035127958231960826e-07 5.414240027398169449e-07 5.613461027897790014e-07 5.841624078780536834e-07 5.871761287557997474e-07 7.122463038762306739e-07 7.687516153106163854e-07 8.693608966339339813e-07 9.192544393602564911e-07 1.190862271788511166e-06 8.143018772374842275e-07 5.617280114848766249e-07 4.111089992000999948e-07 2.487709361771049848e-07 2.121340559720738831e-07 1.118740298732253226e-07 5.082125503651586248e-08 2.473286342494877642e-08 -7.431143618273803556e-09 -3.355927347612033707e-08 -3.387381394470025269e-08 -4.674098440875751643e-08 -6.627418597580237450e-08 -7.449331281700280786e-08 6.102321843953220955e-07 4.652527755965073573e-07 4.515194446687382333e-07 1.323343541137758868e-07 1.317967623961277517e-07 1.335000172723573890e-07 2.161299858261448126e-07 1.954464140965146744e-07 2.876655481946678959e-07 2.758599446866095047e-07 2.500078572446878687e-07 1.094162953066241964e-07 -1.386853883333808972e-07 -3.455408452870308823e-07 -3.735925681468961564e-07 -4.223066441152691436e-07 -3.924229024181710155e-07 -4.295195075675731230e-07 -3.731631919432483949e-07 -3.116040708234471607e-07 -2.553308867683506094e-07 -2.702720742778496271e-07 -2.343897768070761577e-07 -1.883349071720172828e-07 -2.207611241270812535e-07
1.875409706554935940e-07 1.928967037214511457e-07 3.252562508248635982e-07 2.863342795113972614e-07 3.596975398890419611e-07 4.078176226186205716e-07 4.583503406886692726e-07 5.371282890066353716e-07 5.960571891982026647e-07 6.603456955598978916e-07 8.143018772374842275e-07 9.837315305770386803e-07 6.451900790897066035e-07 4.834210948170395850e-07 3.223335030915881936e-07 2.839748777974640802e-07 1.745009189204487097e-07 9.769696048353821270e-08 7.026678694207085897e-08 1.512563113787909084e-08 -1.056572027886035418e-08 -9.827456399551854210e-09 -2.439181737573209148e-08 -4.319037459549572554e-08 -4.547137686332134922e-08 -2.481097380456352951e-07 4.416499110979217556e-07 2.709215523023632452e-07 1.177216846158623353e-07 1.339327028304544643e-07 1.646480466686488288e-07 1.845009672201652025e-07 1.225775843446215491e-07 2.595940312177007768e-07 3.043365299647339915e-07 3.688475189558627251e-07 3.222336578644116003e-07 1.277968615709299203e-07 -1.114029101890249308e-07 -1.756569473837117109e-07 -2.599296549238483414e-07 -2.416283458891183142e-07 -2.896325500740358336e-07 -2.912260868291390959e-07 -2.752185957504036777e-07 -2.175846268478257890e-07 -2.362676178436227616e-07 -2.335174707363073678e-07 -1.930315419768323094e-07 -2.148579550033711377e-07
2.355963145753722112e-07 2.722286765431676707e-07 2.557731981643453826e-07 1.865020199789215631e-07 2.042870686098022493e-07 2.474176036182726034e-07 2.576186410172527842e-07 2.865797139127285385e-07 3.612020808076629681e-07 4.153076090927975284e-07 5.617280114848766249e-07 6.451900790897066035e-07 8.021933327666106384e-07 5.373310497810376472e-07 3.595858439388668971e-07 2.884858356667176755e-07 1.960130360928123857e-07 1.284689617745595655e-07 8.911137118171951581e-08 4.066527794226910938e-08 -1.396696735740261196e-08 -2.142210051443122338e-08 -2.684584943724449789e-08 -2.865626044106385182e-08 -3.130477534612178861e-08 -1.592543933771831633e-07 -3.353607026077671422e-08 2.644556614665155357e-08 1.163434503589252908e-07 -4.453183957383194923e-08 1.878519793007035223e-08 5.458945443903514205e-08 2.391081770666559471e-08 8.088206227879509356e-08 2.158952239983045913e-07 3.169156498182181579e-07 3.923465416964222723e-07 2.992907609656141512e-07 9.046178137417121205e-08 -5.108928145302133307e-08 -1.510992739070728458e-07 -1.311402479526097454e-07 -2.381208808581979334e-07 -2.400793995602391389e-07 -2.600921097078623327e-07 -2.003751449135726648e-07 -2.461462512091674508e-07 -2.271388241587878966e-07 -1.985988638882216943e-07 -2.043174868122705614e-07
3.492151753474186831e-07 7.077641230855367819e-08 1.616041258767155485e-07 8.303340662656532263e-08 7.548173123782597104e-08 1.325684607930984956e-07 1.168959751002068881e-07 1.961929075345912082e-07 2.509303053585084210e-07 3.065193730227372989e-07 4.111089992000999948e-07 4.834210948170395850e-07 5.373310497810376472e-07 6.986083209512156446e-07 4.449701370220085769e-07 3.640559744194448385e-07 2.535323614736178464e-07 1.880593151182675919e-07 1.202738804866137813e-07 6.660237721545281668e-08 6.538426294536017716e-09 -9.921146218920348898e-09 -6.998522217118357421e-09 -2.787071153025840668e-09 -1.008196984845608066e-08 -8.351534724832710273e-08 1.897437687672983217e-08 -2.962256958081542016e-08 -1.714459965673724970e-07 -1.239060504934893829e-07 3.775113391375438539e-08 6.497464888508629096e-08 8.404230091273924720e-08 8.658221967366464011e-08 1.464983359817794682e-07 2.117054065709341333e-07 3.050125965981720699e-07 2.216997298353139052e-07 1.647654606590997962e-07 5.711566265405272761e-08 -5.172946486718932893e-08 -3.654507570460425271e-08 -1.687486519248115647e-07 -2.330469857999837155e-07 -2.635711336359469941e-07 -2.092613590391902446e-07 -2.686791245423627597e-07 -2.718337062503170457e-07 -2.330842664291049687e-07 -2.196940026912827680e-07
-3.388822291403939245e-07 -4.048915281723233791e-08 3.353988457703493255e-08 -1.551966131556719062e-08 -3.234237011904805695e-08 3.168734219361226416e-08 9.972165262806605915e-09 7.638073873025380194e-08 1.207907522076418021e-07 1.905677501963746983e-07 2.487709361771049848e-07 3.223335030915881936e-07 3.595858439388668971e-07 4.449701370220085769e-07 5.602834153545951349e-07 4.194870025083215547e-07 3.005153125666787876e-07 2.159197871124359066e-07 1.442834449324288154e-07 9.822504335316562767e-08 3.624467314347681614e-08 1.737701508036082366e-08 1.132173606683527594e-08 4.771919676629905732e-09 -3.830472251063356603e-09 1.683399326699033252e-07 6.163949749777553764e-08 -1.049693601716032907e-08 -2.741712047866693619e-08 -1.530066711359557885e-07 -4.169031651609453728e-09 -5.891695603728065629e-08 -4.428928473544791541e-08 1.216895403526708517e-08 6.166257223883651385e-08 1.343208119894232933e-07 2.214291742062842728e-07 1.739353603277319872e-07 2.040889784514642148e-07 2.018518976551321506e-07 8.951478677926833530e-08 6.035490672693539147e-08 -1.053883312500190195e-07 -1.801968931630442780e-07 -2.161716644979731153e-07 -1.553240465446668581e-07 -2.206878645780722795e-07 -2.158260868884246787e-07 -2.054445076682279807e-07 -2.093857923305626077e-07
5.680584794116966126e-08 -4.701269568056418990e-08 2.636132055168262008e-08 6.815508628520666541e-09 8.557603789319316618e-10 4.096953305424043864e-08 -2.158674854003178053e-08 6.489631297526780071e-08 1.002517215105127366e-07 1.566025213825452772e-07 2.121340559720738831e-07 2.839748777974640802e-07 2.884858356667176755e-07 3.640559744194448385e-07 4.194870025083215547e-07 5.849566939904309000e-07 3.987678905956002554e-07 2.911726094108124292e-07 2.019844344397681805e-07 1.374221258958668068e-07 6.956927970914979940e-08 4.041009949232894487e-08 2.739408420031306539e-08 1.516877322583663790e-08 7.382960026585353598e-09 3.463230128006164028e-07 2.336221041398440866e-07 9.946049697345292352e-08 -1.923298644163993971e-07 -1.678400477948256062e-07 -9.753023580264263647e-09 -5.925691058435124542e-08 -6.092947758832106594e-08 -1.272724837014207886e-08 2.901487745310302932e-08 7.379297848231129766e-08 1.551244778387459109e-07 1.232756102267807496e-07 1.350437077664862523e-07 1.985631734407914673e-07 2.003139772473316342e-07 1.538031205537441921e-07 -1.729668183449720063e-08 -1.152597804306442001e-07 -1.747746543401463729e-07 -1.657994470667123627e-07 -2.271306602413556673e-07 -2.513764496768446007e-07 -2.391117796767744773e-07 -2.469033811455255574e-07
1.332212786920007731e-07 -1.035308178377094938e-08 9.020669481977030189e-08 1.715622430617701285e-08 2.732444132300258961e-08 1.598046551276279729e-08 2.231214773893330840e-09 5.500491669479643850e-08 4.870339067537544848e-08 7.439619445980667603e-08 1.118740298732253226e-07 1.745009189204487097e-07 1.960130360928123857e-07 2.535323614736178464e-07 3.005153125666787876e-07 3.987678905956002554e-07 5.266759834271246108e-07 3.661027324570051255e-07 2.664338123030424432e-07 1.897658881306634057e-07 1.170472155093880004e-07 7.075627834402186677e-08 5.482906193866410170e-08 3.350865585413790431e-08 1.356548119135519058e-08 -4.098109529461043037e-07 2.445623899892863319e-08 2.091832516392377179e-08 -1.261742884790303657e-07 -1.970319852821410488e-07 -8.751167671346604135e-08 -1.415790356162362897e-07 -1.241578426350150436e-07 -8.274912599043710637e-08 -5.765221635743779399e-08 2.481879919440913681e-08 1.019190432882350398e-07 6.423458394288647969e-08 7.368569257606313360e-08 1.664125683976874386e-07 1.814321266089801477e-07 1.793759599979850060e-07 5.572652405340963647e-08 -5.421757161582126381e-08 -1.193768219562935105e-07 -1.357340658357014337e-07 -1.821907016084929785e-07 -2.253248128277420571e-07 -2.210350094764227072e-07 -2.200791721540093669e-07
2.120810444742287919e-07 -7.824484577242703013e-08 5.244838242694435993e-08 -2.514400166829318334e-08 -2.860579458049434883e-08 -1.528571458216849107e-08 -3.970821321238279028e-08 -1.650596077619438902e-09 1.092965705013508352e-08 3.079676883460815836e-08 5.082125503651586248e-08 9.769696048353821270e-08 1.284689617745595655e-07 1.880593151182675919e-07 2.159197871124359066e-07 2.911726094108124292e-07 3.661027324570051255e-07 4.718608681711562056e-07 3.187505276694951837e-07 2.346610276259424237e-07 1.581848838753580027e-07 1.125547045820292161e-07 7.996209495727240115e-08 3.716599177347810548e-08 1.748045744559245357e-08 3.909988655139284588e-07 1.106925320294262624e-07 -4.254177658662069899e-09 -1.641909944143065478e-07 -1.198775417315736338e-07 -4.467061976046387495e-08 -1.021730770775468714e-07 -1.010314591120441656e-07 -3.342575075370719202e-08 -1.368328084276540742e-08 4.042704738608346757e-08 1.342102547831478201e-07 8.599035456840272127e-08 1.281686943724947983e-07 1.610306645277006856e-07 1.756234269678692585e-07 2.211562275137196606e-07 1.842682484589359428e-07 8.668466833031189141e-08 -6.516535350546643636e-09 -6.252329798403495671e-08 -1.297018700005249062e-07 -1.725035643172451796e-07 -1.779689559073090749e-07 -1.771849651266005223e-07
-3.499159142058504472e-07 -2.158471439668078295e-07 -3.190956460928413230e-08 -6.130505057202808518e-08 -4.718446360805778115e-08 -3.363487947203745327e-08 -4.281869582461927081e-08 2.469906030287918514e-09 1.431546450817944013e-08 -6.043183251087725562e-09 2.473286342494877642e-08 7.026678694207085897e-08 8.911137118171951581e-08 1.202738804866137813e-07 1.442834449324288154e-07 2.019844344397681805e-07 2.664338123030424432e-07 3.187505276694951837e-07 4.005971063808155421e-07 2.814668856345665593e-07 2.047577098504384327e-07 1.418650957739994974e-07 1.049318233940644591e-07 6.016331125446020907e-08 3.827253371607284052e-08 3.897725423565960386e-07 3.480083432741317598e-08 -3.786345793372674597e-08 -1.316321277507402379e-07 2.801731979545174215e-08 9.963467897010637300e-08 -6.202679505812059602e-08 -7.308405808267431312e-08 -3.244425081207048064e-08 -1.721277802246110226e-08 3.304456618027177361e-09 8.574368002281535581e-08 5.431004052974498728e-08 9.490892868058864040e-08 1.235449845707559002e-07 1.214627263789155757e-07 1.849184755289664551e-07 1.959471854526524850e-07 1.617204620157195583e-07 7.042851080364773194e-08 -2.426634244015673717e-08 -9.001698582010901555e-08 -1.305241281222102833e-07 -1.468610913046580773e-07 -1.499118372051345354e-07
-3.956315343150380847e-07 -1.958224793626359097e-07 -5.938164090030374896e-08 -7.497281305324825211e-08 -1.957405875647448011e-08 -3.108818868319167584e-08 -2.797248434811902965e-08 -2.070135359018405754e-08 -2.118446575764161200e-08 -2.203583023984966595e-08 -7.431143618273803556e-09 1.512563113787909084e-08 4.066527794226910938e-08 6.660237721545281668e-08 9.822504335316562767e-08 1.374221258958668068e-07 1.897658881306634057e-07 2.346610276259424237e-07 2.814668856345665593e-07 3.523244778561816000e-07 2.317894328887369756e-07 1.612229065594821662e-07 1.247638586866593876e-07 8.045765578362682436e-08 5.395479715696521124e-08 5.628216088091343271e-07 4.037909288379819727e-08 1.467529633491377582e-07 -1.596443742713991866e-08 9.302683672994288834e-08 3.610226890357442210e-08 -3.689963916789757406e-08 -4.665637508486800437e-08 -8.929121996673381592e-09 1.458137159304725678e-08 -2.189994540799536570e-08 4.916328303037481568e-08 -3.766847366438032632e-09 3.682163576963782953e-08 9.823046722471338086e-08 1.021088330726755801e-07 1.460130486418973044e-07 1.598347931276516421e-07 1.486764945964158226e-07 1.362833476569668718e-07 6.334304358177968023e-08 -7.992265435850700854e-09 -7.599399141936309309e-08 -1.097827892218033329e-07 -1.132727643119227040e-07
-1.279651136973394955e-07 -9.397140956641286697e-08 2.621525058706096686e-08 -2.928448014691649177e-08 2.182260505153003293e-08 -2.049373651365904994e-08 -2.752401588106119589e-08 -3.540980779756771086e-08 -2.551552224880775056e-08 -3.071820723238984909e-08 -3.355927347612033707e-08 -1.056572027886035418e-08 -1.396696735740261196e-08 6.538426294536017716e-09 3.624467314347681614e-08 6.956927970914979940e-08 1.170472155093880004e-07 1.581848838753580027e-07 2.047577098504384327e-07 2.317894328887369756e-07 3.182590496899035018e-07 2.083031355828823304e-07 1.660734329186380550e-07 1.157546740225090819e-07 8.160226357468136768e-08 5.274587651992538663e-07 -8.275443609429498771e-09 3.941373087166083192e-08 -6.146949837514100519e-08 -1.527394853038764790e-08 -3.512308734882359379e-08 -7.279962083894011790e-08 -6.078451495396832429e-08 -4.639380992129053941e-09 -4.708158638364568953e-09 -3.701388105271215225e-08 -1.482132329260843365e-09 -2.784769345557881840e-08 3.039550222736241317e-08 5.844971272995721610e-08 5.958448497715982785e-08 7.763461939757422449e-08 1.207946182842106108e-07 1.344864839177178822e-07 1.471980850699796746e-07 1.098329346385347685e-07 5.905993469676760132e-08 -1.695478437417406409e-08 -6.107612237339907231e-08 -6.082218262467646089e-08
-5.644558364993097191e-08 -6.294928962557604378e-08 -2.768670254869533468e-10 -6.314619991359489631e-08 -5.067034784188416934e-08 -6.703282888292652446e-08 -6.410612686760945433e-08 -7.497793850078821713e-08 -5.649372127831585894e-08 -3.745087152516262186e-08 -3.387381394470025269e-08 -9.827456399551854210e-09 -2.142210051443122338e-08 -9.921146218920348898e-09 1.737701508036082366e-08 4.041009949232894487e-08 7.075627834402186677e-08 1.125547045820292161e-07 1.418650957739994974e-07 1.612229065594821662e-07 2.083031355828823304e-07 2.799837157378003984e-07 2.033333543954753143e-07 1.495307359607577702e-07 1.038087864499420400e-07 9.335769407228798770e-07 1.934019653440290017e-07 -1.132126236605918651e-08 -1.276437826870324516e-07 -5.035656643842151338e-08 -2.301667137098660333e-09 -4.751576638259015603e-08 -4.218135576454775685e-08 4.910275652301071856e-08 4.576598600434231754e-08 -4.553096725054332649e-09 3.209787182343911834e-08 -9.120981283618232329e-09 7.255283691488743837e-09 4.100243400037162068e-08 5.073103311664213450e-08 6.723977045411708539e-08 8.953772041902526096e-08 1.087905204790160745e-07 1.304428765979952806e-07 1.386008115289362759e-07 1.521692720155229094e-07 9.499713597401516388e-08 2.862246416715933707e-08 1.082996294470760973e-08
-1.438672102828263074e-07 -7.003535289805552316e-08 -5.976869306244094826e-08 -7.778064332348899183e-08 -6.617991796304122084e-08 -8.182547604120693463e-08 -7.798685220714988914e-08 -8.650310162097292923e-08 -7.786451288375838279e-08 -5.618974017037034625e-08 -4.674098440875751643e-08 -2.439181737573209148e-08 -2.684584943724449789e-08 -6.998522217118357421e-09 1.132173606683527594e-08 2.739408420031306539e-08 5.482906193866410170e-08 7.996209495727240115e-08 1.049318233940644591e-07 1.247638586866593876e-07 1.660734329186380550e-07 2.033333543954753143e-07 2.849407931451413988e-07 1.906769797160616530e-07 1.369049212269442392e-07 9.575872849198047059e-07 2.520959093177260195e-08 -4.542939836597977926e-08 -1.306135648053498347e-07 -3.827667791293673830e-09 -7.837122599157270381e-09 -1.136453260985557684e-08 2.744873066279388423e-08 4.536333724466937658e-08 5.064673767369604786e-08 -1.457761827854471897e-08 3.367050875693473380e-08 -1.671583449107734330e-09 2.808763761827857071e-08 4.567956492745865552e-08 5.541589023187275076e-08 6.295842117843275010e-08 7.157671083820374035e-08 9.966788859871954136e-08 1.172723207058009920e-07 1.092406542015661880e-07 1.302627333976034502e-07 1.202517885418537351e-07 5.570983364916889985e-08 3.365514347312065054e-08
-1.226518688832231211e-07 -2.271425035096722841e-09 -1.452026954534692977e-08 -1.120073015757510963e-07 -8.765245193897991338e-08 -1.098536871160120693e-07 -1.171637100055413918e-07 -9.840671922435990539e-08 -7.862878553510936839e-08 -5.954639800932018521e-08 -6.627418597580237450e-08 -4.319037459549572554e-08 -2.865626044106385182e-08 -2.787071153025840668e-09 4.771919676629905732e-09 1.516877322583663790e-08 3.350865585413790431e-08 3.716599177347810548e-08 6.016331125446020907e-08 8.045765578362682436e-08 1.157546740225090819e-07 1.495307359607577702e-07 1.906769797160616530e-07 2.589849722084760275e-07 1.744794812811490896e-07 2.883121069034955632e-07 -6.671245091533224451e-08 3.211214581828308716e-08 -1.663333064753408175e-07 -6.001078384142954718e-08 -6.666117667092585769e-08 -3.157897681141588684e-08 2.538527225869153107e-08 6.180925594644050201e-08 6.828057555438308510e-08 -1.628543637832543734e-09 2.929930625435981989e-08 -1.710960002370992844e-08 4.203371279011100167e-08 1.130590262958171497e-08 3.397656522706508575e-08 5.132675441388393682e-08 5.523676540736480082e-08 5.563074804145553553e-08 6.584675526620600958e-08 7.991614919575326828e-08 1.064073460943468895e-07 1.145958122241956804e-07 1.060180473562954908e-07 8.656212381955072570e-08
-3.293454995823522497e-07 6.027730139357653010e-08 5.234603363422727970e-08 -1.271570084356682871e-08 -5.819438781687558734e-09 -4.944267373271941200e-08 -7.561284020530461880e-08 -8.519195797350923579e-08 -6.017626823118115399e-08 -6.132635917718990372e-08 -7.449331281700280786e-08 -4.547137686332134922e-08 -3.130477534612178861e-08 -1.008196984845608066e-08 -3.830472251063356603e-09 7.382960026585353598e-09 1.356548119135519058e-08 1.748045744559245357e-08 3.827253371607284052e-08 5.395479715696521124e-08 8.160226357468136768e-08 1.038087864499420400e-07 1.369049212269442392e-07 1.744794812811490896e-07 2.367882503223705979e-07 3.764663458671829727e-08 1.326202575240836091e-10 5.161234342364716090e-08 -1.688350092543907507e-07 -1.005665847485967632e-07 -7.197951917940196423e-08 -2.146486079094102492e-08 -2.334929792730123525e-08 4.091372285679739650e-09 -1.519812704765173993e-08 -5.680566015596677399e-08 -1.368223270287291681e-08 -2.476938897144525863e-08 1.273902907147053749e-08 -1.317994985582437486e-08 9.225025344625172809e-09 3.337676853836770302e-08 2.125423987799456212e-08 3.447549450219616764e-08 6.253304236226585527e-08 5.638392218072912912e-08 8.410580926120420286e-08 8.434900753399162791e-08 1.053226295794618703e-07 1.198866726773314263e-07
-1.422948534136627056e-05 -8.274181973506752763e-06 -3.180817123099787750e-06 -8.047028201609385478e-07 -2.680494587159829882e-07 5.064961329318504726e-07 1.279706556823045679e-07 -9.258804370499732632e-09 1.009871584483275844e-07 1.182509021493693274e-06 6.102321843953220955e-07 -2.481097380456352951e-07 -1.592543933771831633e-07 -8.351534724832710273e-08 1.683399326699033252e-07 3.463230128006164028e-07 -4.098109529461043037e-07 3.909988655139284588e-07 3.897725423565960386e-07 5.628216088091343271e-07 5.274587651992538663e-07 9.335769407228798770e-07 9.575872849198047059e-07 2.883121069034955632e-07 3.764663458671829727e-08 5.889682006031271436e-04 4.154543673624635933e-05 1.254886828254648635e-05 1.099593587091632695e-05 1.071013335493076367e-05 8.933660235366462423e-06 3.351196498669585044e-06 9.464413217781570165e-07 3.674800479777850361e-06 3.549736315999276738e-06 3.112083017527487588e-06 1.602209000976292634e-06 1.823888907481541104e-06 5.086427119235950057e-07 6.258370232901739250e-08 3.725889776547018061e-07 1.485554078113937877e-06 1.266104044587712004e-06 1.276877974999059207e-06 8.192918026335541201e-07 8.063547277613565296e-07 4.282831075016613133e-07 -1.055075992421376513e-07 -5.161328218199090127e-07 -4.481526197344657333e-07
-1.650400663768065632e-05 -1.078131955318526612e-05 -4.650192359240782548e-06 -2.164728123342599684e-06 -1.143410439416766253e-06 -5.341294839333368263e-07 -1.408856683389459729e-07 2.541748646760972723e-07 4.328098213947707776e-07 7.473744106133170333e-07 4.652527755965073573e-07 4.416499110979217556e-07 -3.353607026077671422e-08 1.897437687672983217e-08 6.163949749777553764e-08 2.336221041398440866e-07 2.445623899892863319e-08 1.106925320294262624e-07 3.480083432741317598e-08 4.037909288379819727e-08 -8.275443609429498771e-09 1.934019653440290017e-07 2.520959093177260195e-08 -6.671245091533224451e-08 1.326202575240836091e-10 4.154543673624635933e-05 7.746483895611218460e-05 1.862302714046808313e-05 1.089171782175760025e-05 7.572582792171922674e-06 5.034420414625670381e-06 3.831315338453312136e-06 3.028173106174622335e-06 2.432894667002612949e-06 2.386968746669208647e-06 7.141847819463588219e-07 6.613645297380009657e-07 1.059360120308655567e-06 7.837323449059935576e-07 5.743396244202313679e-07 5.251034292105345999e-07 7.422323524320707702e-07 3.331506734762432107e-07 4.549561456419355501e-07 2.322988235045037563e-07 3.537365479510899895e-08 1.104418164230646062e-07 6.814074389539791508e-08 -9.944961893589621713e-08 -3.158898247669149613e-07
-1.522281076517996755e-05 -5.801844235578203041e-06 -2.052863316499021188e-06 -7.367273628413810335e-07 -1.684494684888386276e-07 -2.272866239328334123e-07 -1.054817370527005140e-07 2.197669134765311149e-07 3.508848219471756352e-07 5.914341237992453304e-07 4.515194446687382333e-07 2.709215523023632452e-07 2.644556614665155357e-08 -2.962256958081542016e-08 -1.049693601716032907e-08 9.946049697345292352e-08 2.091832516392377179e-08 -4.254177658662069899e-09 -3.786345793372674597e-08 1.467529633491377582e-07 3.941373087166083192e-08 -1.132126236605918651e-08 -4.542939836597977926e-08 3.211214581828308716e-08 5.161234342364716090e-08 1.254886828254648635e-05 1.862302714046808313e-05 3.619215467570454476e-05 1.110648568309448582e-05 7.777345669438460275e-06 4.814598450685340838e-06 3.353994324379966004e-06 2.634353375104544712e-06 2.113078507592253699e-06 2.153758139562652974e-06 1.319325318508850125e-06 8.523180763408859813e-07 3.046467055422381766e-08 -3.604883890165786053e-07 -4.678705420566177211e-07 -3.859972625214934194e-07 -5.495137708899178077e-08 -4.308566316960372968e-07 -1.436153029808567045e-07 -2.087413061940859014e-07 -4.357735709656450589e-07 -5.420408041384125488e-07 -1.820558688836652396e-07 -1.602297567964723473e-07 -3.485008455977415938e-07
-1.231813485092395355e-05 -5.362091530014525197e-06 -3.060986173238924413e-06 -1.588170553016105598e-06 -4.481112090051343948e-07 -2.703145292675057707e-07 -5.208100339911399631e-08 5.830571070664951788e-08 5.840963151723088510e-08 2.166411987239386165e-07 1.323343541137758868e-07 1.177216846158623353e-07 1.163434503589252908e-07 -1.714459965673724970e-07 -2.741712047866693619e-08 -1.923298644163993971e-07 -1.261742884790303657e-07 -1.641909944143065478e-07 -1.316321277507402379e-07 -1.596443742713991866e-08 -6.146949837514100519e-08 -1.276437826870324516e-07 -1.306135648053498347e-07 -1.663333064753408175e-07 -1.688350092543907507e-07 1.099593587091632695e-05 1.089171782175760025e-05 1.110648568309448582e-05 2.159622021638359885e-05 1.062219981936132816e-05 6.710325063944272237e-06 4.894022262721456645e-06 3.171646152798497079e-06 1.988140758352964887e-06 1.874051333626716231e-06 9.940586666094297504e-07 7.076310192236149856e-07 5.675686082818021696e-07 3.178658793482916961e-07 1.716530576538328352e-07 1.443425686632237591e-07 1.005913376055803381e-08 2.540415658792098988e-08 2.841126190676955799e-08 1.366947931449411389e-07 -9.173692818430975006e-08 -3.840270403769594014e-07 -4.467234236226049456e-08 -3.056565416365026944e-07 -2.611413596966866381e-07
-7.949482664892528443e-06 -5.414848033166490556e-06 -3.412403670405559913e-06 -2.272923469302945765e-06 -8.070843148233193369e-07 -1.921278514549692161e-07 7.343758745709869253e-08 7.347495404753339099e-08 8.849026771003182271e-08 1.485151631880026278e-07 1.317967623961277517e-07 1.339327028304544643e-07 -4.453183957383194923e-08 -1.239060504934893829e-07 -1.530066711359557885e-07 -1.678400477948256062e-07 -1.970319852821410488e-07 -1.198775417315736338e-07 2.801731979545174215e-08 9.302683672994288834e-08 -1.527394853038764790e-08 -5.035656643842151338e-08 -3.827667791293673830e-09 -6.001078384142954718e-08 -1.005665847485967632e-07 1.071013335493076367e-05 7.572582792171922674e-06 7.777345669438460275e-06 1.062219981936132816e-05 1.664062735625251163e-05 8.942831557116771298e-06 5.978734296174523444e-06 3.591620675057784783e-06 2.379989570686457253e-06 1.932008405671911199e-06 1.350130481147905219e-06 9.736363826822296974e-07 7.935111860453071874e-07 3.961952452754074395e-07 3.334941694983972427e-07 -7.802496104114533978e-09 2.021819000765228206e-07 7.254041523524040845e-08 1.016066339890181785e-07 3.411523978347316671e-07 8.782805644307474432e-08 1.989468427214882291e-08 2.154873690165137388e-08 -5.916495528500690940e-08 -1.591199241920964650e-08
-7.862259364588690085e-06 -3.861746307738066570e-06 -2.662452667382955727e-06 -1.999643494792185340e-06 -7.994181002302846845e-07 -1.685847182744088765e-07 6.429524544933355779e-08 1.200067012517293753e-07 3.624853725562225209e-08 1.535381071917974017e-07 1.335000172723573890e-07 1.646480466686488288e-07 1.878519793007035223e-08 3.775113391375438539e-08 -4.169031651609453728e-09 -9.753023580264263647e-09 -8.751167671346604135e-08 -4.467061976046387495e-08 9.963467897010637300e-08 3.610226890357442210e-08 -3.512308734882359379e-08 -2.301667137098660333e-09 -7.837122599157270381e-09 -6.666117667092585769e-08 -7.197951917940196423e-08 8.933660235366462423e-06 5.034420414625670381e-06 4.814598450685340838e-06 6.710325063944272237e-06 8.942831557116771298e-06 1.220481369076096839e-05 6.970757192073657949e-06 4.492562524677977863e-06 3.006012115523956057e-06 2.061192845561785331e-06 1.497687154743331404e-06 1.029127319132833527e-06 9.586856999126389635e-07 4.238467993225538080e-07 4.698671180270356895e-07 7.517704438345267507e-09 1.020804469290317996e-07 5.727233068031746509e-08 1.873838994426603346e-08 4.977796240625360988e-08 -1.093233913985521573e-07 -1.088181007105157811e-07 -2.632791335029532060e-08 -9.547504258296006942e-08 -1.783932316704526891e-08
