7.489568669682601524e-04 7.603969230095230494e-05 3.619216653670597004e-05 2.211354941814343362e-05 1.369207876843832410e-05 9.497795165203797051e-06 5.238826491222059207e-06 5.390055997701209247e-06 3.863156547614637334e-06 3.151055687227843471e-06 3.576927695942460729e-06 1.579085715228459405e-06 1.680507905868133625e-06 9.636880662320549406e-07 7.250563635935990458e-07 1.546617285435806140e-06 1.020484200368611883e-06 4.117462945376523312e-07 -3.890530865169025747e-07 -1.386556040625763825e-08 -1.587069806749766798e-07 4.398821692683523449e-07 -5.521784435288277907e-07 -5.820979506380636519e-07 -3.017957199573076880e-07 -6.476578575640592233e-07 -5.455142034507056676e-07 -5.293340565829501352e-07 -2.726299612305718883e-07 -3.356196321701415746e-07 -8.439380983962120566e-07 -4.121288353146216874e-07 -4.717324003159606273e-07 -2.053242827719123315e-07 2.255989606755247048e-07 1.000308149643860313e-07 1.064165540073298949e-07 4.027949915106033407e-07 -6.965194529807540023e-08 -3.660674774234832820e-07 1.058873944273905539e-04 -3.031966227788212792e-05 -3.227493572148848244e-05 -2.782396698581876397e-05 -2.331994491552579369e-05 -1.551009442605588793e-05 -1.133653536186227833e-05 -1.247918390193810999e-05 -8.609616253637073912e-06 -7.151382421649628866e-06 -4.325127813132500820e-06 -4.382049923735292863e-06 -3.520362711996944378e-06 -3.394412261381168177e-06 6.306001833181718040e-07 -9.328418401564408557e-08 -2.266090926086160465e-07 -2.378369723607004757e-07 -1.274446144228876689e-06 -9.526780742205491481e-07 -2.179268963294580485e-06 -1.580319375687176034e-06 -1.328399462305417440e-06 -1.458462381489929686e-06 6.437232727647447623e-08 -5.483739189814959910e-07 -2.529915843217713825e-06 -1.752549815989873960e-06 -2.240577634636241767e-06 -2.419873038407960857e-06 -2.845793518140633645e-06 -2.098485770349161964e-06 -1.835597621507573481e-06 -1.585459783353244944e-06 -1.902351870890085400e-06 -1.598136054025404128e-06 -2.339268508441165990e-06 -2.380337987496205607e-06 -2.236130638245059375e-06 -1.259849245979229812e-06
7.603969230095230494e-05 8.287155655226710875e-05 2.418437040727333242e-05 1.604276441212081064e-05 1.015872393642133138e-05 7.390943619861288279e-06 5.832986426493430984e-06 5.137613118294538018e-06 3.163804884238353406e-06 2.468042186338713922e-06 2.309412945717049515e-06 2.056231111755423148e-06 1.756302411297376944e-06 1.288689771517928563e-06 1.143048250652157360e-06 8.933096179791669473e-07 6.892828740503032072e-07 3.771529592269446368e-07 2.360903526580458394e-07 1.094573346921373881e-07 1.996235372566924109e-07 1.516687795857982972e-07 7.990242637790730286e-08 -1.757878416862386359e-07 -1.387030546437553419e-07 2.871886146843481674e-07 1.552724676368170935e-07 1.538218147052101705e-07 -7.830259407430246407e-08 -2.594526894403737767e-07 -4.079013013745440470e-07 -2.769555043096662550e-07 -1.562109770939987576e-07 -3.281741415463382028e-08 -9.380155405535767141e-08 -1.777411199603718962e-07 -1.825979420594637574e-07 -1.257828456327986237e-07 -9.779402852652648405e-08 -1.180085402371145721e-07 3.497271400118155986e-06 -1.820179079292436240e-05 -1.231251171884452044e-05 -1.141349656276018845e-05 -8.953366122832093235e-06 -7.224171347714855724e-06 -6.381683848618894883e-06 -6.397103213697439124e-06 -5.026330514986435931e-06 -4.764507087159768897e-06 -3.773076293905546626e-06 -3.307887801825519819e-06 -2.312285236017354955e-06 -2.207563921125198390e-06 -2.342503512296494195e-06 -2.486979658901382157e-06 -2.239559745725660007e-06 -1.504031207656863184e-06 -1.981460620720504312e-06 -1.976676226792929575e-06 -1.956559101658607305e-06 -2.131189370666878997e-06 -1.535631577928170918e-06 -1.612115454828017838e-06 -1.122388408477608344e-06 -8.984187415078027698e-07 -8.294454645864379828e-07 -7.073486918927438287e-07 -5.008966093784527588e-07 -1.086529309618598124e-06 -9.533665209895835586e-07 -1.272778880123992236e-06 -1.213821820696615656e-06 -7.875320863944066064e-07 -9.003564200865187846e-07 -2.147480341676277169e-07 -1.006962254799455883e-06 -8.717501464337673269e-07 -1.279207673232376720e-07 -3.723182340063918571e-07
3.619216653670597004e-05 2.418437040727333242e-05 3.558938880440508818e-05 1.484518098245938029e-05 9.633648000994697922e-06 6.969326599094273023e-06 5.721349273093520146e-06 4.289599758512967122e-06 3.382282605723969333e-06 2.332727609296231363e-06 2.236184397335816713e-06 1.853064262801898214e-06 9.705424849909504277e-07 1.268193664631108664e-06 8.222022043730359486e-07 6.867382689227473539e-07 5.869799961888484486e-07 3.470457349301246137e-07 2.490795390055364981e-07 3.729231364347941620e-07 2.420147898256274610e-07 9.649567031181403017e-08 6.086096616250646111e-08 8.696929102362006583e-09 -2.180853144679612167e-08 1.094441351419277129e-09 -3.641229672553273520e-09 -7.185850950031479443e-08 -1.013105297275628925e-07 -2.187399638315658180e-07 -1.846671333916091672e-07 -1.725150506981996525e-07 -1.135830875546090795e-07 -1.283007888610542050e-07 -1.024899028341640436e-07 -6.014913347124386607e-08 -1.529159497413745252e-07 -5.037192415825975326e-08 7.553839330969061855e-08 8.617160670898553825e-09 -9.306077084005959113e-07 -9.015453239191433479e-06 -1.076113254757067806e-05 -7.408468133685435799e-06 -6.168091421171255217e-06 -5.597554297783872357e-06 -5.502601662464110468e-06 -5.995019419535795370e-06 -4.599885296332037571e-06 -3.960151400538855783e-06 -3.760848253303530100e-06 -3.139285197051882187e-06 -2.997799088073198460e-06 -2.158606991403030579e-06 -1.944639615495965115e-06 -1.817527090917927040e-06 -1.781033689848417524e-06 -1.627614519415098378e-06 -1.252857463075928740e-06 -1.326971592365429741e-06 -1.483510599052325966e-06 -1.342426196899479536e-06 -1.271443064625459457e-06 -1.454225770548907076e-06 -1.100102165819851001e-06 -7.433314229102204368e-07 -1.220081336481308294e-06 -1.127802692550156633e-06 -1.053211675377945923e-06 -7.695020392379706109e-07 -8.531280646479162356e-07 -9.863918386380413621e-07 -6.355266643287419001e-07 -3.281832558521391463e-07 -4.719454297196353567e-07 -1.837985341942293604e-07 -3.602789433417012152e-07 -1.838057366790876949e-07 1.882301881476149322e-08 2.661891873275460911e-08
2.211354941814343362e-05 1.604276441212081064e-05 1.484518098245938029e-05 1.994423295785523350e-05 9.636632261186610056e-06 7.146440511991985677e-06 5.539487005148994203e-06 4.392432082384552733e-06 3.205351899580772745e-06 2.578214864262935827e-06 2.333041488081770532e-06 1.901833921777999828e-06 1.125133338426589988e-06 1.109280155232227235e-06 7.956740964727640404e-07 6.512088907683599608e-07 5.467188068145920333e-07 2.485507414767028637e-07 3.154269366326566529e-07 1.642091110427002979e-07 2.224535678822608678e-07 1.246070253530336280e-07 9.645004287530547790e-08 -5.926752875050896379e-08 -5.811640107917862276e-08 1.447328948783062431e-08 7.368605648304292516e-08 6.839496187711190990e-08 2.695206551141016388e-08 -3.796861667070665191e-08 -2.058076762468564647e-08 -2.537987664135180106e-08 5.161575152404780366e-08 2.949317015974262782e-08 7.172324886003474358e-08 1.134337639441729876e-08 -6.924063815106717620e-08 -2.603849651759063670e-08 2.894716702207908972e-08 8.572527204414010682e-08 2.093578704330201389e-06 -4.706233834022262204e-06 -6.535516103945522562e-06 -4.009996954783797176e-06 -3.291663740546406915e-06 -4.112405741431104379e-06 -4.097600341729289251e-06 -3.875258128659519043e-06 -3.169114393844499770e-06 -2.592990571299653350e-06 -1.973025724317423618e-06 -2.141205247986940778e-06 -2.215710410673871128e-06 -1.468934323309984542e-06 -1.653807523408429783e-06 -1.333965181383176598e-06 -1.601167602414651447e-06 -1.250633477549887366e-06 -1.315569246247389510e-06 -1.351716010197983114e-06 -1.546425487694022955e-06 -1.047567674133284852e-06 -1.037403741223221057e-06 -9.289360326974300520e-07 -7.260088930831907935e-07 -5.255838727226937405e-07 -6.759520523131052989e-07 -5.360752025397519256e-07 -5.122774485774878852e-07 -5.025655169418846692e-07 -5.228870387504625037e-07 -6.607919792283916431e-07 -5.468311974055450630e-07 -4.645841867953846759e-07 -4.540972158151497590e-07 -2.269164912463558529e-07 -5.977080424993246133e-07 -2.076554794118692208e-07 -3.872177928019465416e-08 -1.322446336662012295e-07
1.369207876843832410e-05 1.015872393642133138e-05 9.633648000994697922e-06 9.636632261186610056e-06 1.220240252951244944e-05 6.673537100165306993e-06 5.596249334303135635e-06 4.278581782470419421e-06 3.272186587496611534e-06 2.652169366034025143e-06 2.285008714381397540e-06 1.867618138725194100e-06 1.194287014574665536e-06 1.203086487104857144e-06 1.004189844009555442e-06 8.209131917716512947e-07 6.304290437512712508e-07 4.087069837172066981e-07 3.774132743332725849e-07 2.383599552392363501e-07 2.379317952246905640e-07 9.369125536197640679e-08 9.361955413532956459e-08 1.917572735044365408e-08 4.940962317983077842e-08 1.147110299640325097e-07 6.582281350502620580e-08 6.401537511587273563e-08 -3.976187120510307665e-08 -3.246685024616842154e-08 -9.804173427041431545e-08 -3.132080195369048805e-08 2.211901965588081232e-08 -1.888246878746920020e-08 4.727043868243574115e-10 8.107466901981452601e-09 -4.305750839796823559e-08 -4.354456583218389799e-08 -5.667448082541775098e-09 3.375701088240541934e-08 -5.932617563445238669e-06 -3.503898635154823065e-06 -3.589287308654729155e-06 -1.584746270353236213e-06 -1.762930534985668208e-06 -2.414642132470169863e-06 -2.708819222445457025e-06 -3.157497586639495240e-06 -2.630985596623244449e-06 -2.454488878681968736e-06 -2.277556219267942054e-06 -2.283134174683121786e-06 -2.087067909340694279e-06 -1.841237723972615945e-06 -1.669394819304587336e-06 -1.326377642702025266e-06 -1.474356190635007814e-06 -1.474592746518953985e-06 -1.249606993357319289e-06 -1.143337111210855268e-06 -1.220253831215872605e-06 -1.007736594716218108e-06 -9.399345249993657606e-07 -9.742431905239198402e-07 -8.025535908699494727e-07 -5.259158581763976257e-07 -7.034245167169565379e-07 -4.721766031972949864e-07 -4.927144682434322176e-07 -1.351959478022284593e-07 -3.103099134364973390e-07 -4.043422702880797255e-07 -3.937204200554802306e-07 -2.944762228653879731e-07 -3.027795843712236126e-07 -2.711738600029119258e-07 -3.812238476151521197e-07 -1.272683384357976907e-07 -9.616679387855507356e-08 -1.169807828595272296e-08
9.497795165203797051e-06 7.390943619861288279e-06 6.969326599094273023e-06 7.146440511991985677e-06 6.673537100165306993e-06 9.054883993261705408e-06 5.703313357823865911e-06 4.186409961000322172e-06 3.341668361195854791e-06 2.604343650829073670e-06 2.246920436134800687e-06 1.705063338632898129e-06 1.287805616715416542e-06 1.205375629371777938e-06 9.348417261455733980e-07 7.361836249105552656e-07 6.230878361254255035e-07 4.222024540533990383e-07 2.419649852312471497e-07 1.920280116570403512e-07 1.841508405433013792e-07 8.331749606560442577e-08 2.162552742857486107e-08 1.309003145373905921e-08 1.226168545439235622e-08 2.064907259537596289e-08 -2.804834688772731282e-09 -7.052856028637747309e-08 -7.081179494559485863e-08 -6.490747814464771083e-08 -1.476475007972525686e-07 -6.269845815107087097e-08 -1.785880366464368005e-08 -9.628247349572719381e-08 -7.097193031905416939e-08 -6.607243385514351936e-08 -9.438091190049573258e-08 -1.140073814681440344e-07 -6.708419195332091626e-08 5.430670461524720315e-09 -6.275044769438571784e-06 -1.166739151517160010e-06 -1.826281365775192742e-06 -1.214612929227452254e-06 -4.257007492581306677e-07 -1.661193735801350459e-06 -1.705198285056255291e-06 -2.359684719972064946e-06 -2.071010124577427059e-06 -2.050920321182065971e-06 -1.696012391014667959e-06 -1.881492736955882630e-06 -1.943142646174775069e-06 -1.745247662868167614e-06 -1.764393606394361696e-06 -1.768083026594451222e-06 -1.681910910768623236e-06 -1.575579799609990449e-06 -1.478742232567428022e-06 -1.447267344848187469e-06 -1.663719627451252562e-06 -1.102856738832615007e-06 -8.171839793518286842e-07 -9.356314251269140719e-07 -8.280643904293353330e-07 -7.585856374513587849e-07 -8.158538037489426354e-07 -7.360866739096618989e-07 -7.035308152605044459e-07 -3.540688768079829739e-07 -4.418452886900711870e-07 -4.444103243277186928e-07 -4.679312166636256964e-07 -3.198746427213909842e-07 -3.420394394934723828e-07 -2.668193828302486564e-07 -3.412831941694166894e-07 -2.106863683296589990e-07 -2.132621925491310121e-07 -1.616924521295135757e-07
5.238826491222059207e-06 5.832986426493430984e-06 5.721349273093520146e-06 5.539487005148994203e-06 5.596249334303135635e-06 5.703313357823865911e-06 7.618111948699304995e-06 4.558876171267388552e-06 3.641855951471180504e-06 2.910377360755434537e-06 2.467542574569346905e-06 2.000545724395697374e-06 1.420286582459307437e-06 1.357990368359581326e-06 1.103274007837850192e-06 8.582104542710362618e-07 7.683644342795047492e-07 4.614922418013264818e-07 3.685597764812293224e-07 2.703838631137481607e-07 2.036125283526857984e-07 9.450574586424152086e-08 5.016611510043173797e-08 -6.192981498105697164e-08 -1.786100804108226211e-08 8.242419141645325324e-08 6.649247689708635117e-08 -4.051903224947343990e-09 -4.661709709469958974e-09 -1.831661253256787922e-08 -9.398760820543167003e-08 -1.735766711531045511e-08 1.739452577926369937e-08 -6.342739093410686355e-08 -4.817712887809669903e-08 -2.345248963000733435e-08 -1.059590648160873760e-07 -1.130059253479846056e-07 -5.273230415352675615e-08 -9.635508652364278167e-09 4.122219088853802008e-07 -1.034590293426259013e-06 -1.116353291710285501e-06 -6.458273195772427055e-07 6.293373908502073102e-09 -1.027284117330928126e-06 -1.178748221075066544e-06 -1.385667487789145904e-06 -1.630637556554964946e-06 -1.344165389140845169e-06 -1.469823879572115915e-06 -1.560825929501984425e-06 -1.488149411423132320e-06 -1.538957051150632482e-06 -1.659745223202837291e-06 -1.583132434733239845e-06 -1.443294763670034794e-06 -1.546975360130715980e-06 -1.473371993222068210e-06 -1.265330185517171316e-06 -1.444161866024162490e-06 -1.008058724656357273e-06 -9.914590707867357687e-07 -1.024090450389903610e-06 -9.386361814556541310e-07 -7.064137708421027933e-07 -7.927140956283907025e-07 -6.786541860481904537e-07 -6.584472852378428494e-07 -3.230118650850325995e-07 -4.264304291279297239e-07 -4.606778395086628882e-07 -3.545517293044563384e-07 -2.883328697789216182e-07 -2.989438924922486829e-07 -1.980409868267777642e-07 -2.872673861807332709e-07 -2.741496330450818946e-07 -1.907436800848660652e-07 -2.283667223434077173e-07
5.390055997701209247e-06 5.137613118294538018e-06 4.289599758512967122e-06 4.392432082384552733e-06 4.278581782470419421e-06 4.186409961000322172e-06 4.558876171267388552e-06 5.487054417473156500e-06 3.532328119929268496e-06 2.805156776662016981e-06 2.417422653775017616e-06 1.889945748921194745e-06 1.413950241698611129e-06 1.273099875767649027e-06 1.056526720078551200e-06 8.301243012175878972e-07 5.687344581794877733e-07 4.197675004818837041e-07 3.171592744993504096e-07 2.435652015745472776e-07 1.567122300146669788e-07 6.711630359116838559e-08 -7.433944649355198969e-09 -6.411966326148076774e-08 -6.699777547317033731e-09 2.096771829621914346e-08 -1.825168754895654714e-08 -6.106493573757221653e-08 -2.742118162083457477e-08 -1.756202838343000183e-08 -6.933096091590273556e-08 2.201812356327083034e-08 3.730775697852977704e-08 -2.189138129832901383e-08 -3.983452920436271052e-08 -3.567250203257899608e-08 -9.583147091590603387e-08 -8.992448053875435242e-08 -4.199751082113807066e-08 7.353809687609674602e-09 2.111025398778946540e-06 -1.606532580488049811e-06 -5.583595238051630980e-07 -6.571873600347936016e-07 -5.547489103209953423e-07 -6.831677979230448880e-07 -4.028898004339166541e-07 -6.941885651259004165e-07 -6.832079400166166487e-07 -9.008574716289387113e-07 -1.263015464567353044e-06 -1.393053326769548853e-06 -1.419692340206369937e-06 -1.346305378185078557e-06 -1.471022201117842337e-06 -1.498609648553064013e-06 -1.418550811278459577e-06 -1.383617941271761779e-06 -1.205718159853268028e-06 -1.319856209155644766e-06 -1.453382022335345146e-06 -1.042536979685638406e-06 -9.983673808304299212e-07 -1.081886432549263050e-06 -9.861956826650006798e-07 -6.137473164229938061e-07 -6.366757092559125352e-07 -4.409968186845837174e-07 -4.767189680939455476e-07 -2.991210096963330822e-07 -3.428384307661417646e-07 -3.103079897337971771e-07 -3.100907318095082734e-07 -3.437926090611471211e-07 -2.581721190216313145e-07 -2.686639698353182926e-07 -3.475096536911607579e-07 -3.135394400265648266e-07 -3.111757092800023147e-07 -2.519964620126341950e-07
3.863156547614637334e-06 3.163804884238353406e-06 3.382282605723969333e-06 3.205351899580772745e-06 3.272186587496611534e-06 3.341668361195854791e-06 3.641855951471180504e-06 3.532328119929268496e-06 4.563191005838512722e-06 2.931599601248822441e-06 2.513728883805081121e-06 1.921085409782829148e-06 1.498442006819795372e-06 1.301305978358400623e-06 1.089251502421716249e-06 8.412205005828671130e-07 6.201797719281994577e-07 4.512499851679679231e-07 3.769942925037414997e-07 2.804772642937265769e-07 2.108349806525808924e-07 1.352590670418009819e-07 6.576711458285675065e-08 -7.051625224947344687e-10 5.634861100635271627e-08 4.278620484323877794e-08 9.188608594571061173e-09 -3.304510916515065498e-09 -4.209282604386623086e-08 -1.776091628331967545e-08 -4.818579217041376988e-08 -1.915804064539049545e-08 8.134053547602268044e-09 -7.144963574075308367e-08 -6.995712138873103860e-08 -3.544057247120843416e-08 -9.024194845065639358e-08 -9.973778774648012860e-08 -8.937893984453775982e-08 -4.155394834796890960e-08 2.790254342696057757e-06 -4.304573407853755036e-07 -2.041714987140700188e-07 -8.508645767085523909e-07 -1.753769451409458672e-07 -4.787166286288944728e-07 -2.268377852542272482e-07 -6.602804614751730808e-08 -2.626720777512938448e-07 -4.480883442932785529e-07 -7.970885670737622652e-07 -1.128994123260277423e-06 -1.132555436688496423e-06 -1.135276273957491938e-06 -1.186288352364802765e-06 -1.291936027129211277e-06 -1.189979902806931000e-06 -1.227517886691294694e-06 -1.166211387602383853e-06 -1.156116646375617887e-06 -1.188356311921072250e-06 -8.748700728712775131e-07 -8.564571696902034554e-07 -1.002213066930932491e-06 -8.308378495785294583e-07 -5.208906536737527048e-07 -5.573460140853402547e-07 -4.672867957210468729e-07 -4.821490483413340023e-07 -3.810521641076909772e-07 -3.318870758965122379e-07 -3.110646924357692362e-07 -3.334556569115234297e-07 -3.009495499608547565e-07 -2.789426165439546542e-07 -2.168664940589721508e-07 -3.422885360180728373e-07 -2.987187062633870475e-07 -3.240932394438217948e-07 -2.343952043518331880e-07
3.151055687227843471e-06 2.468042186338713922e-06 2.332727609296231363e-06 2.578214864262935827e-06 2.652169366034025143e-06 2.604343650829073670e-06 2.910377360755434537e-06 2.805156776662016981e-06 2.931599601248822441e-06 3.760843429233733603e-06 2.633276595407152395e-06 2.123052842801190553e-06 1.595179348135145203e-06 1.350214500670161122e-06 1.123680712378020907e-06 8.954173343357280971e-07 6.941521261010303194e-07 5.487249901810793935e-07 4.348307185398049327e-07 3.043497996807889747e-07 2.667693652512913013e-07 1.540872829020169917e-07 6.762376818282540723e-08 4.970680284833987882e-08 2.783640875860670245e-09 3.592707005531795875e-08 1.357314863046359246e-08 -1.175048945807173001e-08 -4.249939869762708547e-08 -2.499532376840245545e-08 -4.159642463773159588e-08 -2.997897418113545298e-08 -1.367664455958943602e-08 -4.491881729992173192e-08 -6.821463384532925746e-08 -7.837189927982665099e-08 -1.085669844648581303e-07 -1.234626784385733000e-07 -9.848519409895169956e-08 -5.303796561904551313e-08 1.857823254141590339e-06 1.413403190324463542e-08 2.167951134438836618e-07 -2.081475468035750083e-07 3.149289343292444059e-08 -1.191334604106687968e-07 9.152971605371265064e-08 1.946721310946596209e-08 7.727214824609797112e-08 -1.317000023856274479e-07 -2.954459323966673578e-07 -6.365729749660858403e-07 -8.025671112108443626e-07 -8.840146859680639372e-07 -9.297598250520298815e-07 -8.985999821250793442e-07 -8.350086620544105653e-07 -9.246906738835546354e-07 -9.906727515194764554e-07 -9.167974849719177207e-07 -9.644062640967541300e-07 -7.204656969968474495e-07 -8.222394051553120093e-07 -8.626804916531943019e-07 -7.377639935480073302e-07 -5.337717060804007271e-07 -5.247577879799721358e-07 -4.379515205782207770e-07 -4.518488567817006529e-07 -3.824365972246730201e-07 -2.905840860129475314e-07 -3.003921664462101017e-07 -2.925700168541455197e-07 -2.737795554202940766e-07 -2.115258049403104270e-07 -1.835065231197769374e-07 -2.986626039780061263e-07 -2.864308216337002002e-07 -2.470645201431964006e-07 -2.337221387079338098e-07
3.576927695942460729e-06 2.309412945717049515e-06 2.236184397335816713e-06 2.333041488081770532e-06 2.285008714381397540e-06 2.246920436134800687e-06 2.467542574569346905e-06 2.417422653775017616e-06 2.513728883805081121e-06 2.633276595407152395e-06 3.383119469769690853e-06 2.303010090954588538e-06 1.757556913422747363e-06 1.520677273955500959e-06 1.189397469161552080e-06 9.631087038918713309e-07 7.792612047181502977e-07 5.737535087626324990e-07 4.750647711021263545e-07 3.012666352582590947e-07 2.319627453714653448e-07 1.072591106346216842e-07 4.804090808948886243e-08 1.471606331763789555e-10 -3.520287930348189821e-08 3.361351301892438467e-09 -1.397882056820247715e-08 -3.215421280647037179e-08 -5.824796286874877527e-08 -2.105072680733471634e-08 -4.400582371090607412e-08 -1.745513484066846692e-08 -8.156966391675203753e-09 -6.400521194375626897e-08 -5.232663031243611350e-08 -5.236638330778131313e-08 -9.979166158151569877e-08 -1.134455681230704231e-07 -1.017736137129981172e-07 -7.166658689811098893e-08 -1.120552221475748464e-06 -8.841983900661981918e-07 6.258613509251726506e-09 -5.274870655664810383e-07 -1.244515687858609454e-07 -2.836386633773356398e-07 9.457652663504279702e-08 3.771351494485691469e-08 4.609734222932918317e-08 7.685084525957447551e-08 -1.445954146228058015e-07 -3.370232132779233070e-07 -4.938819581000224495e-07 -5.975700816846036852e-07 -8.456832377262846708e-07 -8.172833539618066099e-07 -8.265830370827412878e-07 -9.434137555073694179e-07 -8.974466293184805038e-07 -8.280397334350934877e-07 -9.235175896241735921e-07 -7.425696661638317007e-07 -6.995880777207580089e-07 -8.793977389881428659e-07 -7.960045139507677423e-07 -6.249189739790475256e-07 -5.674071899562227905e-07 -5.000489551320441800e-07 -5.403180807570700878e-07 -3.452942600982988997e-07 -2.467019142654071466e-07 -2.765244466611847319e-07 -2.456499464437990965e-07 -2.401298046900954212e-07 -1.984088843728877157e-07 -1.545031902595607710e-07 -2.114026379736010147e-07 -2.029462062829773253e-07 -1.770358152951687096e-07 -1.869467071297344338e-07
1.579085715228459405e-06 2.056231111755423148e-06 1.853064262801898214e-06 1.901833921777999828e-06 1.867618138725194100e-06 1.705063338632898129e-06 2.000545724395697374e-06 1.889945748921194745e-06 1.921085409782829148e-06 2.123052842801190553e-06 2.303010090954588538e-06 2.861720069534367163e-06 1.863442442966581940e-06 1.585094035233970128e-06 1.268410906254185870e-06 1.002063180429776850e-06 7.924169725075718663e-07 6.069003399719773219e-07 5.111549382557823378e-07 3.026413956112567142e-07 2.179522252330512826e-07 1.665333186386626985e-07 9.375453709401047563e-08 2.435102527900911795e-08 1.426886335678375671e-08 5.945125116852097487e-08 3.347779739302356733e-08 -1.429860465269266486e-08 -3.983842675399153225e-08 -9.619700387678456464e-09 -3.530929705480182146e-08 -6.838049126226124143e-09 -1.265922882435270798e-08 -6.126256537930363782e-08 -6.018478441962792063e-08 -6.466773727308918531e-08 -8.880556240505083172e-08 -8.736933374508178198e-08 -8.263823549229388865e-08 -6.967058784130881739e-08 -2.029595414157325931e-08 -1.266844002557403629e-07 1.510153850259323104e-07 6.570365580453679785e-08 -2.973308246912704249e-08 -2.101683845386632141e-07 2.130075522298595030e-07 -6.032248317881247431e-08 3.153581984032325897e-08 1.345552002895886140e-07 1.265510739623731387e-07 -6.010612038632180527e-09 -2.510854439898289316e-07 -3.059489101219367190e-07 -4.948543036431614931e-07 -6.397356097331284991e-07 -7.818061618317089379e-07 -8.493252806138190219e-07 -1.033432945242856733e-06 -9.723111087257370336e-07 -9.086435436597319961e-07 -8.656522730345881792e-07 -7.675947046323748109e-07 -8.899981461242085938e-07 -8.415818062787917717e-07 -5.923338871306350616e-07 -5.791488904317930358e-07 -5.101359601692377089e-07 -5.491840549692594178e-07 -4.046381489776428412e-07 -3.739598001648656034e-07 -3.894980610844416618e-07 -3.577167881960312684e-07 -3.787274064673983034e-07 -2.894592190595404589e-07 -2.628677868056473274e-07 -3.373931111914257814e-07 -2.802232237296927275e-07 -2.848979121865564254e-07 -2.535956317805166953e-07
1.680507905868133625e-06 1.756302411297376944e-06 9.705424849909504277e-07 1.125133338426589988e-06 1.194287014574665536e-06 1.287805616715416542e-06 1.420286582459307437e-06 1.413950241698611129e-06 1.498442006819795372e-06 1.595179348135145203e-06 1.757556913422747363e-06 1.863442442966581940e-06 2.272079323519187449e-06 1.541423796518213593e-06 1.291536852760180623e-06 9.834764305847685011e-07 8.583103094195650882e-07 6.853850469657692853e-07 5.618049251965220593e-07 3.776325864509004510e-07 2.688046983690133117e-07 2.229542847870374948e-07 1.369406088412538690e-07 8.054026976723961296e-08 6.199643244150955791e-08 1.025143900180768867e-07 7.058349935377929921e-08 2.986662713081458608e-08 -2.137796650243571983e-09 8.595594165331769668e-09 -3.472450556800975214e-08 -7.682994592251266473e-09 -3.638925729696056795e-08 -7.115643696013366878e-08 -7.673249571024239122e-08 -8.003242769887468092e-08 -1.101530600549658867e-07 -1.163399558661690928e-07 -1.092186240441254198e-07 -8.626849134663127611e-08 -4.203930892333737266e-07 4.306207529379075144e-07 5.094209830518236302e-07 2.992479820224818110e-07 2.297100709027531297e-07 -1.034364269007134724e-07 3.415248148644007717e-07 8.014539415904905124e-08 4.217050310049321768e-08 2.005866312396654905e-07 3.031967535563303819e-07 2.258978865234645737e-07 7.579381921737561587e-08 7.659874559600645953e-08 -2.601802896813447602e-07 -4.056857316319868999e-07 -5.581161063024790458e-07 -5.375492062987939668e-07 -7.109324041287262037e-07 -7.743815262674516654e-07 -7.611842391413002515e-07 -7.773241785782791240e-07 -6.784667254585520242e-07 -7.348998159641542180e-07 -7.138211948649720055e-07 -5.440819207933042334e-07 -5.622006644282867166e-07 -4.879739477208819669e-07 -5.430089676509173458e-07 -4.040444378510428659e-07 -4.255754519016711705e-07 -3.681514299335471124e-07 -4.090957772927173392e-07 -4.021748859688626418e-07 -4.081836751799888729e-07 -3.279106320787133878e-07 -3.991062957338375142e-07 -3.375809021284992646e-07 -4.120683642428303745e-07 -3.594555408490609411e-07
9.636880662320549406e-07 1.288689771517928563e-06 1.268193664631108664e-06 1.109280155232227235e-06 1.203086487104857144e-06 1.205375629371777938e-06 1.357990368359581326e-06 1.273099875767649027e-06 1.301305978358400623e-06 1.350214500670161122e-06 1.520677273955500959e-06 1.585094035233970128e-06 1.541423796518213593e-06 2.011478553960302589e-06 1.347894372569430352e-06 1.055945513993621268e-06 9.032940586080822402e-07 7.160239419928425000e-07 5.698669634895655103e-07 3.980082079127421727e-07 3.125273675532923878e-07 2.382496005571181441e-07 1.596478836446028729e-07 1.094465902327285845e-07 7.959062042578620339e-08 9.481912784700340138e-08 5.408433997096981743e-08 3.633700155946280002e-08 1.005074843926452429e-09 4.194546998323817121e-08 -2.353671954302298964e-08 -1.681821036839535581e-09 -2.973613169336767215e-08 -3.311457624540726872e-08 -5.645286574649567123e-08 -7.611646202621757536e-08 -8.655512939517147020e-08 -8.021964091854955768e-08 -8.056557673910438508e-08 -5.659845610213729221e-08 -7.829856345572374492e-08 2.446861425006712063e-07 2.951590992545213483e-07 2.161645132388833128e-07 1.865505791187114447e-08 -1.904390605920623533e-07 2.431032784666572702e-07 7.495512343571343176e-09 -3.808509092386534264e-08 1.032614321258849574e-07 1.136427282128219380e-07 2.286529805898159970e-07 2.630800348938648843e-07 2.949449082232294275e-07 -4.351363863092991333e-08 -1.271039426732040509e-07 -3.672599533503412007e-07 -4.672663065127104409e-07 -5.978052258260433856e-07 -6.091804288476566516e-07 -7.600758839170214883e-07 -6.730957347198364932e-07 -6.198900997162652108e-07 -7.514142474176825644e-07 -7.269101905930501080e-07 -5.948398561849805129e-07 -5.897061418604864594e-07 -4.982980737559154489e-07 -5.452073228182106094e-07 -3.782950986762172640e-07 -3.431774336084262398e-07 -3.418357218703196680e-07 -3.414808665194299608e-07 -3.682609877600827094e-07 -3.248567509746079956e-07 -2.618640746849514444e-07 -3.250659696357133418e-07 -3.353668443111314585e-07 -3.142280417456072266e-07 -3.050510904894440972e-07
7.250563635935990458e-07 1.143048250652157360e-06 8.222022043730359486e-07 7.956740964727640404e-07 1.004189844009555442e-06 9.348417261455733980e-07 1.103274007837850192e-06 1.056526720078551200e-06 1.089251502421716249e-06 1.123680712378020907e-06 1.189397469161552080e-06 1.268410906254185870e-06 1.291536852760180623e-06 1.347894372569430352e-06 1.718232699480270061e-06 1.108962290602300665e-06 9.801052850653525645e-07 7.661620859040983700e-07 6.370139197416597058e-07 4.562633292676904061e-07 3.767750489958253481e-07 3.171984446234146363e-07 2.367285136126583041e-07 1.727111535542058121e-07 1.565078084051124653e-07 1.226340648298443777e-07 6.843167044047823655e-08 3.527432888883061596e-08 -1.648415290243674307e-08 2.047450400457938148e-08 -3.337021388413155976e-08 -1.683584238235889649e-08 -2.329790807144188720e-08 -4.587282313366890924e-08 -4.337888102675498417e-08 -5.954716548351162547e-08 -6.045766126602759698e-08 -4.997465077636757929e-08 -5.068503864779823726e-08 -2.827057543483449050e-08 1.740439036488343965e-06 4.933592210053991982e-07 7.057873487342520297e-07 5.910462031407958605e-07 5.348753895899753207e-07 2.723525942242282690e-07 4.668378711628947289e-07 2.777366370158660661e-08 5.090458638329081140e-08 1.829987609221402977e-07 2.723155236113824569e-07 3.089540599934171586e-07 2.522330789362100297e-07 3.568237576476343619e-07 1.977489303359869644e-07 1.425732844054226191e-07 -9.105621130812245147e-08 -1.678068525478572120e-07 -4.267714892028505777e-07 -4.714770652512172978e-07 -5.544538251996844672e-07 -6.119475677607708860e-07 -5.499434909339037138e-07 -6.330282273150255542e-07 -6.591853599701281309e-07 -5.067110566278051850e-07 -5.673886554208811343e-07 -5.072880098907808380e-07 -5.689437953114548748e-07 -4.433761131490549541e-07 -4.324914779355889063e-07 -3.407479292034850895e-07 -3.536910837434155098e-07 -3.625616186899997406e-07 -3.502769149436280679e-07 -2.806372678431878835e-07 -3.007951460115992308e-07 -2.619550694294471908e-07 -2.597896600883086472e-07 -2.254314982225964555e-07
1.546617285435806140e-06 8.933096179791669473e-07 6.867382689227473539e-07 6.512088907683599608e-07 8.209131917716512947e-07 7.361836249105552656e-07 8.582104542710362618e-07 8.301243012175878972e-07 8.412205005828671130e-07 8.954173343357280971e-07 9.631087038918713309e-07 1.002063180429776850e-06 9.834764305847685011e-07 1.055945513993621268e-06 1.108962290602300665e-06 1.398077919908471481e-06 9.675036535690401926e-07 7.791823194893180307e-07 6.816898301246070470e-07 4.707690357528045748e-07 3.710250024863560838e-07 3.091904073309665555e-07 2.110134928557672826e-07 1.836804529857212114e-07 1.507993698514207510e-07 1.300075215096118849e-07 7.057148774619449229e-08 4.824500547751300868e-08 -7.352163321605485477e-09 1.532573772168991824e-08 -4.184431035065317772e-08 -1.549159694061395553e-08 -2.368194317740222141e-08 -3.032931697538443336e-08 -3.673979219854585622e-08 -5.442400674611509943e-08 -6.607641390745778112e-08 -5.353955604590964142e-08 -8.154546174413366230e-08 -6.197311212724542302e-08 2.318475130783801205e-06 7.679886808830373660e-07 7.789143498817196127e-07 5.019656295537022221e-07 5.333965707947629646e-07 1.300801666241050763e-07 3.330683140065077302e-07 9.887446971952156336e-09 1.372160883580935853e-07 2.014970828403281263e-07 2.559820401630261897e-07 2.220206600818179407e-07 1.612906228690777904e-07 3.055979894591418797e-07 2.272237991923035931e-07 2.167530781086499489e-07 6.629433937500935523e-08 -3.295250594090449521e-08 -1.919872574472919900e-07 -3.243779902913991446e-07 -4.633820823110182091e-07 -4.695655454503935980e-07 -3.826815807176809546e-07 -4.809165713311409628e-07 -5.287759191432968190e-07 -3.781069565452216199e-07 -4.443301771225946941e-07 -3.804525822383959850e-07 -4.821268312613175347e-07 -3.586827648264967929e-07 -3.513527633983639330e-07 -2.943944056154518853e-07 -2.756744229524199722e-07 -3.033307972824353373e-07 -2.977315438359171142e-07 -2.724644262195194481e-07 -2.913998842502596213e-07 -2.547686426865098225e-07 -2.640969288816312414e-07 -2.781505348099899373e-07
1.020484200368611883e-06 6.892828740503032072e-07 5.869799961888484486e-07 5.467188068145920333e-07 6.304290437512712508e-07 6.230878361254255035e-07 7.683644342795047492e-07 5.687344581794877733e-07 6.201797719281994577e-07 6.941521261010303194e-07 7.792612047181502977e-07 7.924169725075718663e-07 8.583103094195650882e-07 9.032940586080822402e-07 9.801052850653525645e-07 9.675036535690401926e-07 1.372790059563743468e-06 9.259090367999584107e-07 7.923903942964263963e-07 5.968107439813462773e-07 5.024017475212018551e-07 3.932039207193567918e-07 2.838152708188724939e-07 2.328597069802769747e-07 2.099033843967423845e-07 1.632757523475234961e-07 8.739954676010908549e-08 6.624261104647276513e-08 3.629454321227998346e-09 3.106209519026881671e-08 -9.298655673036988002e-09 -1.462908938616099890e-08 -3.640492724038969807e-08 -4.778950079603715583e-08 -3.210903804956184863e-08 -4.675839819572246253e-08 -6.564545779629673907e-08 -6.521116840033731250e-08 -8.065663437068828735e-08 -7.547601936782519202e-08 2.604916231014593049e-06 2.155501842232595151e-07 2.148217197277210536e-07 2.805149266397592110e-07 4.781135592039170186e-07 1.920748252796562703e-07 1.846651243897651151e-07 -2.906502209334893646e-08 -2.136911072968318589e-08 1.193015442296215582e-07 1.741999128951968916e-07 1.457749264152989732e-07 1.613739072022046380e-07 2.528027819929201485e-07 2.111866183709467645e-07 2.988660129012709697e-07 1.992684032342873684e-07 1.794399448943261644e-07 -5.263958685157689578e-08 -1.123391731468249854e-07 -3.137249967439438996e-07 -3.877794593605676238e-07 -3.595600099788874472e-07 -4.669041668855012693e-07 -4.819548412638345461e-07 -3.824352697209148428e-07 -4.387955190258583106e-07 -4.095432175650715838e-07 -4.890069834058179556e-07 -3.773376309549335577e-07 -3.751504118279101490e-07 -2.836988641867202484e-07 -2.775963457889271493e-07 -2.751095626181811943e-07 -2.630947344903001798e-07 -2.144335798801026829e-07 -2.460411464708980934e-07 -2.081419211106406247e-07 -2.311869792432678301e-07 -2.033389074535342876e-07
4.117462945376523312e-07 3.771529592269446368e-07 3.470457349301246137e-07 2.485507414767028637e-07 4.087069837172066981e-07 4.222024540533990383e-07 4.614922418013264818e-07 4.197675004818837041e-07 4.512499851679679231e-07 5.487249901810793935e-07 5.737535087626324990e-07 6.069003399719773219e-07 6.853850469657692853e-07 7.160239419928425000e-07 7.661620859040983700e-07 7.791823194893180307e-07 9.259090367999584107e-07 1.194762643609457879e-06 8.391095883439034122e-07 6.643465749020266701e-07 5.518930798819956610e-07 4.586230614375038459e-07 3.206872860011250683e-07 2.711172095984152732e-07 2.580211709530834701e-07 2.003662979183276056e-07 1.423311450102353632e-07 9.319587577660417540e-08 4.317840222446553793e-08 6.581607770772366181e-08 1.261829965356272774e-08 9.205088794090939894e-09 -9.852655279234385031e-09 -2.107661637113891160e-08 -7.745812468289753414e-09 -2.879601292664569549e-08 -3.084274594310499420e-08 -3.080969257950904933e-08 -5.109364987363326066e-08 -5.082468824015251494e-08 3.015353802636838214e-06 2.568443520543163318e-07 6.194197379160162330e-07 2.408308481648795413e-07 4.997535131390631129e-07 1.240068242653273302e-07 1.986452931075786309e-07 1.296205015303863389e-07 2.588246538131643102e-07 2.382353740962899334e-07 3.265161484884675336e-07 3.013670134426608166e-07 2.522203344453472244e-07 3.072173886534011314e-07 2.778419560790056282e-07 3.125230956027054458e-07 3.402541710764844105e-07 3.653414251054594090e-07 2.158397188818046442e-07 1.459908883857687589e-07 -5.807199965885642052e-08 -2.690153862254170677e-07 -2.049486899638194954e-07 -3.160615439991304430e-07 -3.891442505531141166e-07 -3.100190794269172715e-07 -3.377394831671670702e-07 -2.983088564688441266e-07 -3.754589446579298599e-07 -3.233517423522397229e-07 -3.045379494888073852e-07 -2.606460679484861282e-07 -2.131264940386997350e-07 -2.417094576082846946e-07 -2.249644030761281264e-07 -1.898273898779873739e-07 -1.845105493923623723e-07 -1.442297746910994120e-07 -1.733059073322852915e-07 -1.518370854770165327e-07
-3.890530865169025747e-07 2.360903526580458394e-07 2.490795390055364981e-07 3.154269366326566529e-07 3.774132743332725849e-07 2.419649852312471497e-07 3.685597764812293224e-07 3.171592744993504096e-07 3.769942925037414997e-07 4.348307185398049327e-07 4.750647711021263545e-07 5.111549382557823378e-07 5.618049251965220593e-07 5.698669634895655103e-07 6.370139197416597058e-07 6.816898301246070470e-07 7.923903942964263963e-07 8.391095883439034122e-07 1.097929832747651747e-06 7.297438044920874468e-07 6.079428690412589824e-07 4.754760974224589496e-07 3.873951395759351129e-07 3.164436021334011082e-07 2.986447887222202440e-07 2.572442722288544631e-07 1.881484664858114535e-07 1.325277371755366789e-07 6.965340797747091490e-08 7.952495908126501849e-08 2.852473864070133110e-08 1.479116819544649704e-08 -8.732431689128660026e-09 -1.112467085803173233e-08 -1.154573229644893876e-08 -2.323210906323928547e-08 -5.404857941582138237e-08 -4.993836694039146065e-08 -5.870636324606496009e-08 -5.219539702935903150e-08 6.562612647317698229e-07 -8.350566232163515046e-08 2.523441515268130066e-07 1.935099980763706707e-07 2.572986020473277729e-07 1.955189894456286179e-07 2.768038490113160192e-07 1.169724949537604110e-07 1.409383479888955366e-07 2.526260667612822198e-07 1.678994397444588103e-07 2.098994940673571826e-07 1.134821769532173018e-07 2.319192341583766874e-07 2.652416366916367759e-07 3.269732220007584753e-07 3.639830663883937351e-07 4.029996258029022777e-07 2.797025945492670739e-07 2.191086522816521812e-07 3.990618582966998568e-08 -1.283746814820205271e-07 -1.142344191666993004e-07 -2.288001991404228603e-07 -2.999604111972016076e-07 -2.193662883080779725e-07 -2.625289599020120473e-07 -2.539165111219652629e-07 -3.326970499306289022e-07 -3.148777640562759821e-07 -2.975643178243441791e-07 -2.889007298907818783e-07 -2.597253721706057804e-07 -2.527995382714534186e-07 -2.603253979650164122e-07 -2.777582706622297785e-07 -2.584204165307767132e-07 -2.440633698094716103e-07 -2.639701288935617261e-07 -2.422514100013128165e-07
